2999,,,
9,202,,,
5,412,20,423
6,506,,
14,,3,523
15,,2,527
17,526,1,
16,,4,530
17,529,1,
7,617,20,623
8,708,,
18,725,1,
11,,2,723
18,728,1,
12,,2,726
13,,2,729
3000,5,4,20028
8500,,2,
10031,306,22015,22062
10032,296,22185,22072
10033,76,22015,22062
10034,76,22075,22072
3000,33,4,20031
8500,,2,
3000,34,4,20032
8500,,2,
3000,16,6,11015
8500,,2,
10035,22182,22023,22062
3000,15,6,20035
8500,,2,
10035,28802,22401,22202
10025,142,152,162
3000,14,6,20035
8500,,2,
10035,122,23003,132
10025,252,351,22002
3000,35,6,10115
8500,,2,
10035,162,23004,22002
10025,252,351,22002
3000,35,6,20011
8500,,2,
8500,,3,
8000,112,508,750
2999,,,
19,214,,230
8500,,1,
8000,112,508,1250
2999,,,
20,211,,
23,512,,
22,,8,522
24,617,4,622
10037,22002,22002,22002
10036,22082,22002,22002
3101,,,
10037,372,22012,22002
10036,362,22022,22022
3101,37,3,10200
10037,242,22104,22002
3000,37,6,20036
8500,,5,
10036,362,22103,22002
10036,242,361,22002
3000,36,6,10005
8500,,5,
10034,226,22015,22032
3000,34,4,20041
8500,,5,
10034,226,22045,22012
10042,406,22305,22012
3000,34,4,20042
8500,,5,
10034,226,22055,22042
3000,34,4,20039
8500,,5,
8500,,6,
8000,112,508,750
2999,,,
21,214,,230
8500,,1,
2999,,,
8500,,4,
2999,,,
26,208,,223
22,,8,410
27,405,,
24,,4,418
25,,4,422
